HoloWAN Recorder File (www.msytest.com)
 NetworkType: "Unknown"
test_name: "Xicen(12-28 00:06:17)"
Destination: "172.30.153.236:8081"
Start Time: 2025-12-28 00:06:17
End Time: 2025-12-28 10:27:35
Interval(sec): 0.1
Packet Size(byte): 512
Enable Reordering: True
Contents: Delay1(ms),Loss1(%),Bandwidth1(Mbps),Delay2(ms),Loss2(%),Bandwidth2(Mbps)
Switch: 1,1,1,1,1,1
------------------------------------------------
19.297750,0.000000,0.127680,12.956250,0.000000,0.212800
14.881167,0.000000,0.085120,16.790400,0.000000,0.212800
15.862250,0.000000,0.085120,17.473200,0.000000,0.170240
13.880333,0.000000,0.127680,14.069700,0.000000,0.212800
22.962250,0.000000,0.085120,25.760250,0.000000,0.212800
17.364250,0.000000,0.085120,17.885100,0.000000,0.170240
19.011500,0.000000,0.127680,18.668900,0.000000,0.212800
16.470250,0.000000,0.085120,15.446625,0.000000,0.212800
13.675000,0.000000,0.085120,16.759400,0.000000,0.212800
15.383667,0.000000,0.127680,17.333500,0.000000,0.170240
15.789000,0.000000,0.085120,14.186000,0.000000,0.212800
23.453750,0.000000,0.085120,24.428100,0.000000,0.212800
17.374833,0.000000,0.127680,25.495600,0.000000,0.170240
18.163250,0.000000,0.085120,14.145400,0.000000,0.212800
15.748000,0.000000,0.127680,15.222750,0.000000,0.212800
15.053167,0.000000,0.085120,17.413500,0.000000,0.170240
14.232500,0.000000,0.085120,14.436000,0.000000,0.212800
13.081750,0.000000,0.127680,13.384625,0.000000,0.212800
21.233667,0.000000,0.085120,25.737800,0.000000,0.170240
15.779750,0.000000,0.085120,15.715900,0.000000,0.212800
19.095250,0.000000,0.127680,15.386875,0.000000,0.212800
16.060333,0.000000,0.085120,18.319600,0.000000,0.212800
19.553000,0.000000,0.085120,25.501700,0.000000,0.170240
17.088833,0.000000,0.127680,15.371100,0.000000,0.212800
24.905000,0.000000,0.085120,19.453875,0.000000,0.170240
18.175500,0.000000,0.085120,21.321400,0.000000,0.212800
18.896333,0.000000,0.127680,18.900200,0.000000,0.212800
15.782000,0.000000,0.085120,17.466000,0.000000,0.212800
16.140500,0.000000,0.085120,20.125800,0.000000,0.170240
14.454333,0.000000,0.127680,17.841100,0.000000,0.212800
13.376750,0.000000,0.085120,15.979750,0.000000,0.212800
19.492250,0.000000,0.085120,22.116900,0.000000,0.212800
18.120000,0.000000,0.127680,20.398400,0.000000,0.170240
18.177000,0.000000,0.085120,16.208900,0.000000,0.212800
17.998500,0.000000,0.085120,16.058750,0.000000,0.170240
15.712833,0.000000,0.127680,14.956600,0.000000,0.212800
28.735500,0.000000,0.085120,32.054600,0.000000,0.212800
23.687250,0.000000,0.085120,21.155000,0.000000,0.212800
20.322833,0.000000,0.127680,26.141900,0.000000,0.170240
18.644500,0.000000,0.085120,17.111200,0.000000,0.212800
18.157250,0.000000,0.127680,17.998125,0.000000,0.212800
28.285333,0.000000,0.085120,33.493500,0.000000,0.170240
45.949500,0.000000,0.042560,38.863900,0.000000,0.212800
37.083500,0.000000,0.085120,45.012300,0.000000,0.212800
34.740750,0.000000,0.127680,33.286125,0.000000,0.170240
30.931500,0.000000,0.085120,36.232200,0.000000,0.212800
20.850000,0.000000,0.170240,22.674800,0.000000,0.212800
30.225500,0.000000,0.085120,18.930000,0.000000,0.212800
40.191750,0.000000,0.042560,52.512500,0.000000,0.170240
19.038833,0.000000,0.170240,27.588300,0.000000,0.212800
17.607000,0.000000,0.085120,14.496875,0.000000,0.212800
21.732750,0.000000,0.085120,24.913900,0.000000,0.212800
22.289167,0.000000,0.127680,23.107100,0.000000,0.170240
21.246000,0.000000,0.085120,19.547875,0.000000,0.212800
17.348250,0.000000,0.085120,20.403500,0.000000,0.170240
19.750167,0.000000,0.127680,26.402700,0.000000,0.212800
29.695500,0.000000,0.042560,29.721500,0.000000,0.170240
27.822250,0.000000,0.127680,30.829500,0.000000,0.212800
36.938500,0.000000,0.042560,47.762400,0.000000,0.212800
22.853250,0.000000,0.170240,24.523500,0.000000,0.212800
119.271250,0.000000,0.042560,99.251875,0.000000,0.212800
146.063833,0.000000,0.000000,151.595200,0.000000,0.170240
136.958250,0.000000,0.042560,129.345800,0.000000,0.212800
271.511000,0.000000,0.042560,194.514375,0.000000,0.212800
294.839750,0.000000,0.170240,303.431100,0.000000,0.170240
267.756000,0.000000,0.042560,276.432600,0.000000,0.212800
230.943667,0.000000,0.000000,242.748375,0.000000,0.212800
194.916750,0.000000,0.042560,202.607600,0.000000,0.212800
165.890250,0.000000,0.000000,176.486800,0.000000,0.170240
134.641667,0.000000,0.042560,147.913125,0.000000,0.212800
110.299500,0.000000,0.212800,111.433900,0.000000,0.212800
143.910500,0.000000,0.297920,120.248200,0.000000,0.170240
195.613667,0.000000,0.170240,181.480700,0.000000,0.212800
217.123250,0.000000,0.085120,213.872250,0.000000,0.212800
219.678000,0.000000,0.000000,220.141700,0.000000,0.170240
194.475833,0.000000,0.085120,210.906000,0.000000,0.212800
159.933250,0.000000,0.042560,169.421250,0.000000,0.212800
136.001750,0.000000,0.085120,142.859800,0.000000,0.212800
105.361333,0.000000,0.085120,111.534400,0.000000,0.170240
81.125750,0.000000,0.255360,86.879125,0.000000,0.212800
51.383750,0.000000,0.170240,62.499300,0.000000,0.212800
36.602667,0.000000,0.255360,41.415200,0.000000,0.170240
23.652750,0.000000,0.127680,26.549200,0.000000,0.212800
21.834500,0.000000,0.085120,18.340500,0.000000,0.212800
32.896750,0.000000,0.085120,30.482200,0.000000,0.170240
33.273000,0.000000,0.085120,38.883400,0.000000,0.212800
60.504000,0.000000,0.085120,39.524875,0.000000,0.170240
60.504000,100.000000,0.042560,39.524875,0.000000,0.255360
60.504000,100.000000,0.042560,39.524875,0.000000,0.170240
60.504000,100.000000,0.042560,39.524875,0.000000,0.042560
60.504000,100.000000,0.000000,39.524875,60.000000,0.000000
60.504000,100.000000,0.000000,39.524875,100.000000,0.000000
60.504000,100.000000,0.000000,39.524875,100.000000,0.000000
60.504000,100.000000,0.000000,39.524875,100.000000,0.000000
60.504000,100.000000,0.000000,39.524875,100.000000,0.000000
60.504000,100.000000,0.000000,39.524875,100.000000,0.000000
60.504000,100.000000,0.000000,39.524875,100.000000,0.000000
60.504000,100.000000,0.000000,39.524875,100.000000,0.000000
60.504000,100.000000,0.000000,39.524875,100.000000,0.000000
60.504000,100.000000,0.000000,39.524875,100.000000,0.000000
60.504000,100.000000,0.000000,39.524875,100.000000,0.000000
60.504000,100.000000,0.000000,39.524875,100.000000,0.000000
60.504000,100.000000,0.000000,39.524875,100.000000,0.000000
60.504000,100.000000,0.000000,39.524875,100.000000,0.000000
60.504000,100.000000,0.000000,39.524875,100.000000,0.000000
60.504000,100.000000,0.000000,39.524875,100.000000,0.000000
60.504000,100.000000,0.000000,39.524875,100.000000,0.000000
60.504000,100.000000,0.000000,39.524875,100.000000,0.000000
60.504000,100.000000,0.000000,39.524875,100.000000,0.000000
60.504000,100.000000,0.000000,39.524875,100.000000,0.000000
60.504000,100.000000,0.000000,39.524875,100.000000,0.000000
60.504000,100.000000,0.000000,39.524875,100.000000,0.000000
60.504000,100.000000,0.000000,39.524875,100.000000,0.000000
60.504000,100.000000,0.000000,39.524875,100.000000,0.000000
60.504000,100.000000,0.000000,39.524875,100.000000,0.000000
60.504000,100.000000,0.000000,39.524875,100.000000,0.000000
60.504000,100.000000,0.000000,39.524875,100.000000,0.000000
60.504000,100.000000,0.000000,39.524875,100.000000,0.000000
60.504000,100.000000,0.000000,39.524875,100.000000,0.000000
60.504000,100.000000,0.000000,39.524875,100.000000,0.000000
60.504000,100.000000,0.000000,39.524875,100.000000,0.000000
60.504000,100.000000,0.000000,39.524875,100.000000,0.000000
60.504000,100.000000,0.000000,39.524875,100.000000,0.000000
60.504000,100.000000,0.000000,39.524875,100.000000,0.000000
60.504000,100.000000,0.000000,39.524875,100.000000,0.000000
60.504000,100.000000,0.000000,39.524875,100.000000,0.000000
60.504000,100.000000,0.000000,39.524875,100.000000,0.000000
60.504000,100.000000,0.000000,39.524875,100.000000,0.000000
60.504000,100.000000,0.000000,39.524875,100.000000,0.000000
60.504000,100.000000,0.000000,39.524875,100.000000,0.000000
60.504000,100.000000,0.000000,39.524875,100.000000,0.000000
60.504000,100.000000,0.000000,39.524875,100.000000,0.000000
60.504000,100.000000,0.000000,39.524875,100.000000,0.000000
60.504000,100.000000,0.000000,39.524875,100.000000,0.000000
60.504000,100.000000,0.000000,39.524875,100.000000,0.000000
60.504000,100.000000,0.000000,39.524875,100.000000,0.000000
60.504000,100.000000,0.000000,39.524875,100.000000,0.000000
60.504000,100.000000,0.000000,39.524875,100.000000,0.000000
60.504000,100.000000,0.000000,39.524875,100.000000,0.000000
60.504000,100.000000,0.000000,39.524875,100.000000,0.000000
60.504000,100.000000,0.000000,39.524875,100.000000,0.000000
60.504000,100.000000,0.000000,39.524875,100.000000,0.000000
60.504000,100.000000,0.000000,39.524875,100.000000,0.000000
60.504000,100.000000,0.000000,39.524875,100.000000,0.000000
60.504000,100.000000,0.000000,39.524875,100.000000,0.000000
60.504000,100.000000,0.000000,39.524875,100.000000,0.000000
60.504000,100.000000,0.000000,39.524875,100.000000,0.000000
60.504000,100.000000,0.000000,39.524875,100.000000,0.000000
60.504000,100.000000,0.000000,39.524875,100.000000,0.000000
